88 29 204 215 165 
11 362 194 237 25 
389 271 217 7 102 
461 409 13 221 88 
264 45 196 134 99 
162 350 218 15 148 
424 470 76 174 200 
477 332 216 122 190 
462 233 94 188 137 
124 78 247 135 168 
68 100 190 45 244 
0 0 22 197 55 
227 294 4 45 18 
163 226 138 133 158 
44 472 231 104 227 
0 0 237 252 190 
46 185 252 69 138 
267 236 44 4 99 
0 0 166 14 65 
62 378 99 54 184 
443 47 107 43 119 
0 0 152 98 142 
311 315 95 243 18 
188 84 12 19 29 
73 279 145 246 5 
0 0 122 53 115 
103 180 246 191 239 
149 158 61 162 28 
484 106 192 228 67 
375 368 78 157 38 
222 176 132 22 145 
0 0 47 36 170 
451 484 146 54 137 
341 49 6 83 149 
360 134 25 216 166 
209 471 16 203 33 
16 68 196 187 25 
0 0 132 88 213 
295 168 40 155 22 
18 212 140 65 101 
104 325 42 211 233 
256 407 191 253 26 
127 453 227 135 44 
331 454 154 156 50 
427 145 109 67 203 
