 492 122 179 26 212 
 0 0 207 5 18 
 0 0 107 18 246 
 165 330 15 207 230 
 451 485 137 113 71 
 83 202 184 89 217 
 255 80 191 35 238 
 0 0 209 249 113 
 201 291 153 136 85 
 296 351 5 31 148 
 392 225 196 243 199 
 165 95 95 134 23 
 0 0 100 125 2 
 65 66 245 227 145 
 35 151 197 170 27 
 0 0 182 132 83 
 0 0 16 116 19 
 0 0 178 101 101 
 12 304 172 58 254 
 0 0 180 78 132 
 0 0 211 149 200 
 0 0 72 173 40 
 368 354 206 175 140 
 414 296 203 192 130 
 129 185 175 92 200 
 144 138 91 175 127 
 0 0 223 67 16 
 0 0 211 168 194 
 238 313 185 39 239 
 12 230 115 171 164 
 452 373 194 244 248 
 14 91 88 29 65 
 35 52 133 170 143 
 447 196 181 172 91 
 282 378 118 117 11 
 312 152 210 245 229 
 0 0 3 133 70 
 0 0 197 72 153 
 0 0 237 183 210 
 107 114 148 220 71 
 0 0 192 213 137 
 0 0 181 150 225 
 0 0 210 38 231 
 215 232 125 129 157 
 0 0 43 12 147 
 0 0 32 114 230 
 220 148 22 184 105 
 94 268 27 209 47 
 257 244 100 165 29 
 0 0 155 236 177 
 0 0 120 118 114 
 0 0 205 215 167 
 219 390 100 63 123 
 0 0 138 220 120 
 0 0 12 240 163 
 156 223 152 215 68 
 0 0 11 192 90 
 441 94 67 239 118 
 11 468 21 140 90 
 0 0 186 189 117 
 98 483 167 176 238 
 494 33 157 88 188 
 0 0 245 211 34 
 0 0 53 204 44 
 397 341 19 239 184 
 0 0 131 52 81 
 0 0 218 143 92 
 355 420 155 133 31 
 0 0 11 95 52 
 0 0 151 84 239 
 0 0 212 67 23 
 248 146 133 128 181 
 324 276 94 34 171 
 127 237 177 78 224 
 0 0 126 7 115 
 0 0 111 215 118 
 0 0 163 179 81 
 258 200 178 210 108 
 48 259 183 8 119 
 0 0 23 119 142 
 162 416 108 142 100 
 179 204 47 68 105 
 359 35 175 111 199 
 497 179 81 208 122 
 0 0 160 195 248 
 0 0 39 59 104 
 187 362 0 12 140 
 0 0 51 121 63 
 410 140 7 240 247 
 377 487 15 0 142 
 0 0 134 100 250 
 72 372 148 205 170 
 327 339 89 22 217 
 0 0 200 144 44 
 235 454 25 9 76 
 0 0 221 241 242 
 137 297 25 126 114 
 130 376 164 189 166 
 303 406 30 181 173 
 373 413 143 69 60 
 362 282 143 191 66 
 11 383 243 233 214 
 104 27 65 196 48 
 106 430 87 112 121 
 455 139 103 188 146 
 152 157 113 175 239 
 0 0 99 35 9 
 0 0 225 73 46 
 177 30 159 246 76 
 0 0 213 51 219 
 49 485 154 117 107 
 50 433 90 203 222 
 184 141 69 252 160 
 0 0 137 245 247 
 289 96 249 136 223 
 410 382 54 121 81 
 40 324 101 2 180 
 0 0 8 48 22 
 438 275 81 252 53 
 0 0 72 216 11 
 0 0 250 196 165 
 407 16 239 35 128 
 318 462 188 195 69 
 73 309 57 60 206 
 467 49 47 28 200 
 358 252 55 236 126 
 262 24 176 33 227 
 211 495 51 55 236 
 0 0 226 235 62 
 12 159 223 247 7 
 145 158 57 29 2 
 0 0 253 29 114 
 254 270 160 98 47 
 0 0 101 49 231 
 95 345 33 121 23 
 492 360 188 247 78 
 480 296 169 92 127 
 246 319 202 73 50 
 0 0 129 7 21 
 0 0 109 14 245 
 0 0 228 144 47 
 309 244 3 3 172 
 194 444 32 177 77 
 357 106 3 153 50 
 0 0 179 176 83 
 0 0 173 126 16 
 258 421 37 125 185 
 0 0 129 175 4 
 313 212 202 197 5 
 172 256 210 59 115 
 45 210 96 233 215 
 0 0 240 150 90 
 295 164 243 227 250 
 372 315 165 150 253 
 0 0 63 233 177 
 241 357 111 122 222 
 0 0 110 179 5 
 102 291 235 184 134 
 427 44 28 61 209 
 277 488 225 176 36 
 289 301 156 9 132 
 88 148 134 99 118 
 485 439 29 94 233 
 480 494 128 92 144 
 14 29 23 142 79 
 142 55 129 109 63 
 0 0 251 241 45 
 471 45 175 121 152 
 90 239 231 202 180 
 38 384 38 238 150 
 0 0 86 242 178 
 88 188 95 232 57 
 43 151 195 211 86 
 112 83 161 227 87 
 0 0 254 178 110 
 398 198 13 241 111 
 211 34 249 158 107 
 98 365 236 56 155 
 0 0 229 236 131 
 326 75 176 4 169 
 61 109 31 182 1 
 214 90 18 240 223 
 148 483 251 198 163 
 362 163 207 30 70 
 135 33 51 13 196 
 0 0 229 124 81 
 316 27 88 104 202 
 399 69 246 4 183 
 477 239 174 135 29 
 115 345 156 177 205 
 0 0 160 50 236 
 56 21 214 18 0 
 424 449 199 54 123 
 0 0 15 251 202 
 309 196 45 192 253 
 222 211 185 145 227 
 0 0 55 92 187 
 0 0 31 148 51 
 108 316 35 177 225 
 0 0 42 128 126 
