 255 70 224 70 59 
 335 195 64 197 177 
 175 194 103 121 205 
 145 59 64 239 136 
 377 428 100 179 23 
 432 100 91 161 187 
 318 77 10 75 198 
 386 206 166 220 228 
 196 278 188 204 193 
 484 223 150 151 171 
 271 319 141 210 12 
 113 210 83 4 204 
 154 106 153 209 52 
 99 266 19 90 243 
 107 121 3 241 216 
 130 163 55 45 52 
 484 482 88 243 190 
 321 25 163 88 228 
 106 328 1 153 161 
 424 259 205 196 183 
 481 289 229 209 196 
 19 236 56 158 25 
 362 368 61 82 50 
 219 114 142 70 69 
 122 381 105 158 72 
 256 429 218 83 254 
 53 268 8 18 215 
 483 355 123 246 123 
 116 21 212 24 251 
 480 151 237 79 74 
 76 430 179 20 48 
 328 481 133 172 104 
 399 146 163 222 37 
 73 164 245 36 52 
 217 327 187 236 157 
 196 434 91 107 120 
 23 185 174 67 0 
 484 87 64 63 250 
 181 146 182 59 79 
 68 376 206 133 62 
 65 217 30 53 241 
 234 168 177 30 246 
 306 256 95 67 154 
 380 308 189 119 144 
 59 320 98 148 203 
 276 117 79 140 39 
 432 470 58 140 85 
 68 20 126 8 149 
 481 419 189 87 76 
 155 240 248 21 154 
 273 483 254 7 184 
 296 372 52 125 234 
 292 163 82 24 201 
 251 269 22 40 135 
 237 377 13 244 233 
 271 24 162 155 184 
 17 296 47 113 243 
 378 83 60 7 114 
 23 418 68 211 175 
 482 28 155 110 40 
 359 256 177 167 39 
 221 24 56 146 92 
 143 289 182 92 46 
 135 432 78 99 68 
 429 330 119 205 82 
 317 424 235 134 116 
 215 485 7 249 163 
 425 394 120 235 223 
 217 224 128 155 36 
 62 110 84 196 64 
 54 60 66 107 113 
 22 136 233 199 41 
 342 133 251 118 223 
 29 480 88 58 174 
 20 25 60 140 38 
 100 71 10 1 145 
 20 357 16 37 152 
 180 384 11 5 18 
 163 335 246 169 18 
 196 69 19 105 102 
 382 486 87 218 40 
 437 191 194 4 19 
 170 20 11 100 15 
 18 83 129 19 231 
 372 26 187 184 36 
 324 315 200 74 173 
 427 33 73 226 189 
 273 213 110 116 72 
 92 484 243 134 64 
 154 484 29 108 210 
