0 0 10 52 233 
0 0 142 93 13 
0 0 205 200 150 
0 0 121 88 61 
0 0 167 7 142 
0 0 157 148 84 
0 0 46 248 147 
0 0 239 59 136 
0 0 171 24 226 
0 0 33 213 19 
0 0 241 63 29 
0 0 39 77 172 
0 0 132 99 249 
0 0 204 32 115 
0 0 165 174 154 
0 0 172 131 57 
0 0 192 150 230 
0 0 186 31 214 
0 0 117 129 130 
0 0 14 148 35 
0 0 227 50 22 
0 0 163 94 61 
0 0 240 215 65 
0 0 84 75 142 
0 0 243 101 179 
0 0 162 158 96 
0 0 38 133 161 
0 0 188 220 219 
0 0 91 222 81 
0 0 220 3 95 
0 0 241 152 195 
0 0 36 85 103 
0 0 2 22 215 
0 0 217 164 171 
0 0 164 215 159 
0 0 10 184 193 
0 0 41 90 104 
0 0 46 54 37 
0 0 11 135 1 
0 0 234 231 221 
0 0 109 43 207 
0 0 133 146 115 
0 0 218 233 117 
0 0 112 149 79 
0 0 149 180 243 
0 0 109 118 126 
0 0 38 222 167 
0 0 128 132 213 
0 0 54 133 225 
0 0 190 226 204 
0 0 38 51 185 
0 0 81 166 63 
0 0 99 156 153 
0 0 204 235 10 
0 0 98 96 159 
0 0 23 222 141 
0 0 13 134 179 
0 0 236 92 180 
0 0 113 189 234 
0 0 246 10 169 
0 0 89 195 79 
0 0 140 130 32 
0 0 52 28 131 
0 0 208 39 80 
0 0 60 70 50 
0 0 28 211 200 
0 0 250 8 214 
0 0 1 188 195 
0 0 221 167 180 
0 0 155 209 43 
0 0 166 33 132 
0 0 233 193 18 
0 0 109 69 197 
0 0 137 22 22 
0 0 48 199 209 
0 0 246 17 238 
0 0 202 231 105 
0 0 210 43 107 
0 0 15 95 73 
0 0 183 138 228 
0 0 9 142 11 
0 0 169 160 245 
0 0 107 229 226 
0 0 49 251 108 
0 0 71 206 29 
0 0 142 61 20 
0 0 159 166 222 
0 0 7 18 50 
0 0 50 218 65 
0 0 145 64 120 
0 0 155 75 129 
0 0 43 192 44 
0 0 75 163 151 
0 0 50 144 72 
0 0 173 173 15 
0 0 251 193 158 
0 0 57 32 189 
0 0 96 209 197 
0 0 114 147 119 
0 0 205 12 137 
0 0 14 14 37 
0 0 89 185 80 
0 0 154 208 28 
0 0 62 26 205 
0 0 206 41 123 
0 0 124 199 247 
0 0 189 134 176 
0 0 222 203 17 
0 0 48 67 4 
0 0 195 204 209 
