294 346 72 140 183 
49 15 62 18 97 
0 0 74 149 229 
129 30 171 9 39 
221 301 25 254 136 
0 0 85 40 101 
471 485 155 47 111 
41 365 119 226 238 
29 45 47 10 188 
226 320 10 171 252 
0 0 42 226 197 
353 411 55 195 4 
497 53 73 42 78 
105 296 94 81 249 
0 0 104 90 20 
0 0 230 63 232 
0 0 142 175 133 
0 0 189 30 252 
136 23 33 218 172 
0 0 170 216 182 
0 0 86 158 96 
0 0 184 162 151 
95 384 125 113 225 
462 39 167 234 191 
0 0 120 126 167 
0 0 210 104 14 
251 318 19 109 156 
402 78 66 233 218 
105 318 223 150 123 
11 405 187 77 38 
216 256 20 46 252 
148 314 50 197 181 
0 0 84 39 178 
357 236 197 231 217 
143 148 177 15 83 
0 0 175 30 165 
128 279 24 58 56 
227 202 133 21 249 
281 381 112 16 218 
176 215 7 55 22 
404 348 212 179 42 
0 0 3 232 92 
0 0 200 156 176 
0 0 240 118 246 
0 0 88 73 40 
96 372 230 111 215 
259 206 5 167 240 
0 0 191 34 245 
0 0 84 252 102 
0 0 101 19 237 
0 0 28 188 66 
405 340 207 25 69 
0 0 184 73 141 
115 151 85 191 253 
74 156 76 231 213 
313 397 21 192 189 
0 0 132 49 66 
119 401 172 39 2 
147 147 78 14 87 
260 95 75 251 60 
87 81 221 189 88 
0 0 154 3 40 
0 0 51 16 224 
93 485 251 142 182 
412 360 188 100 130 
395 213 164 34 23 
0 0 228 101 28 
0 0 22 103 200 
0 0 189 62 23 
321 325 203 122 225 
0 0 71 210 63 
69 73 5 122 89 
0 0 135 219 140 
119 192 23 146 8 
259 358 165 148 196 
374 321 11 171 233 
300 64 45 199 206 
83 195 18 16 101 
0 0 249 166 35 
0 0 56 136 110 
173 76 51 71 53 
468 40 133 160 58 
0 0 1 172 65 
0 0 220 181 88 
12 25 238 249 126 
486 91 131 227 137 
118 92 174 51 54 
99 438 119 152 73 
119 312 135 59 194 
0 0 47 41 122 
0 0 55 94 173 
0 0 127 24 179 
0 0 159 89 52 
0 0 77 49 17 
0 0 130 175 127 
0 0 124 57 130 
452 483 97 239 49 
164 16 148 57 168 
156 66 172 123 176 
510 461 231 245 95 
132 29 17 36 150 
0 0 111 215 149 
0 0 135 12 181 
0 0 96 156 3 
0 0 145 28 5 
59 418 66 158 129 
0 0 250 207 98 
0 0 234 248 246 
0 0 163 41 35 
144 287 31 136 11 
0 0 149 158 155 
0 0 185 53 138 
12 141 17 106 145 
0 0 29 109 113 
299 138 57 114 4 
422 427 85 115 197 
0 0 115 214 64 
0 0 194 77 44 
49 489 59 113 79 
0 0 100 251 238 
302 259 236 152 132 
321 83 140 162 62 
234 89 65 180 79 
0 0 171 38 235 
38 317 152 42 37 
0 0 138 111 249 
397 494 253 176 109 
216 453 212 92 175 
153 388 35 171 235 
372 76 20 154 80 
105 348 16 158 62 
0 0 40 220 74 
474 265 203 171 139 
0 0 128 23 182 
485 500 166 60 79 
0 0 81 54 217 
0 0 192 35 87 
0 0 240 211 172 
0 0 77 63 79 
0 0 249 143 99 
247 257 20 77 115 
0 0 179 23 156 
452 129 16 34 231 
0 0 60 216 104 
353 479 83 167 142 
0 0 16 1 95 
496 182 197 89 33 
0 0 233 6 18 
10 203 61 212 223 
211 114 124 56 89 
140 156 139 43 236 
262 56 89 199 32 
145 54 112 47 49 
0 0 147 151 236 
0 0 235 166 64 
243 17 148 6 207 
368 305 149 166 150 
439 224 110 57 128 
0 0 243 25 61 
135 77 200 241 185 
341 207 1 222 196 
0 0 45 0 30 
311 175 116 49 15 
82 208 164 157 162 
145 45 187 93 14 
0 0 98 46 162 
228 257 232 196 184 
0 0 143 196 39 
311 171 72 2 28 
10 268 97 59 228 
0 0 83 0 102 
11 475 51 158 19 
0 0 51 173 135 
0 0 227 207 171 
0 0 1 221 104 
0 0 94 129 74 
398 44 140 58 178 
0 0 81 224 67 
63 202 149 252 139 
375 228 151 98 109 
42 113 210 200 64 
0 0 83 91 242 
0 0 241 226 165 
0 0 159 143 9 
255 248 238 119 10 
0 0 204 65 105 
0 0 205 244 245 
0 0 8 183 199 
0 0 105 194 93 
0 0 102 48 117 
0 0 72 240 72 
354 149 17 227 155 
163 77 235 138 13 
0 0 207 147 172 
53 50 222 158 155 
148 437 213 135 232 
0 0 23 252 182 
0 0 139 68 63 
0 0 67 162 168 
0 0 7 24 15 
0 0 182 223 215 
0 0 39 251 104 
259 243 12 9 85 
0 0 22 54 37 
36 403 41 81 131 
44 451 71 58 89 
94 47 206 241 239 
0 0 204 176 124 
218 353 17 89 63 
0 0 51 231 197 
184 292 202 191 125 
441 284 43 41 36 
144 145 39 126 48 
0 0 48 35 197 
0 0 229 38 239 
452 485 56 254 55 
404 380 114 238 7 
104 320 227 234 83 
389 395 148 43 100 
0 0 237 112 24 
313 207 86 109 226 
53 82 22 146 141 
0 0 190 194 180 
381 421 61 137 101 
0 0 223 121 75 
291 306 6 48 131 
0 0 5 55 118 
446 353 116 138 217 
0 0 95 111 111 
148 181 10 7 220 
0 0 123 105 178 
198 264 232 247 201 
240 144 123 172 8 
190 34 190 145 70 
0 0 199 221 165 
0 0 192 224 172 
0 0 240 214 177 
0 0 168 177 38 
0 0 178 160 6 
290 116 34 252 143 
0 0 168 176 11 
0 0 19 249 116 
0 0 11 2 111 
262 324 55 199 46 
0 0 201 110 117 
337 27 39 154 54 
0 0 135 203 167 
0 0 95 114 80 
0 0 144 120 3 
0 0 49 135 165 
0 0 173 147 78 
412 385 94 135 97 
72 301 88 246 108 
193 257 218 165 164 
0 0 162 27 237 
414 100 144 209 21 
0 0 43 121 28 
70 340 119 201 123 
0 0 233 204 139 
0 0 225 241 60 
366 20 105 65 234 
434 49 252 162 73 
354 269 4 143 34 
489 13 123 179 124 
0 0 33 161 158 
0 0 187 54 48 
69 115 13 82 218 
487 224 134 78 82 
0 0 207 217 60 
138 485 29 23 30 
434 464 15 2 136 
0 0 80 202 5 
0 0 115 108 137 
192 494 3 232 5 
0 0 182 136 165 
0 0 88 56 224 
318 363 14 19 238 
0 0 96 229 244 
409 14 174 34 197 
0 0 9 192 98 
0 0 159 200 113 
0 0 161 205 66 
212 171 235 87 181 
0 0 216 219 184 
0 0 65 129 111 
368 181 201 99 71 
204 219 129 82 85 
0 0 21 198 53 
0 0 250 12 100 
0 0 156 110 109 
284 18 93 96 13 
491 450 165 34 46 
0 0 243 215 153 
101 125 202 16 114 
0 0 167 254 52 
0 0 41 70 253 
212 30 12 27 0 
0 0 221 80 21 
308 481 165 52 16 
0 0 177 33 44 
117 72 33 46 10 
135 235 1 219 175 
318 20 35 245 163 
86 236 122 231 111 
0 0 138 28 150 
0 0 9 154 191 
0 0 206 154 76 
0 0 233 175 42 
135 98 185 63 207 
96 246 110 107 2 
0 0 143 117 35 
0 0 190 165 163 
0 0 26 73 198 
0 0 16 56 65 
95 324 248 206 75 
148 194 21 15 84 
41 109 47 91 35 
0 0 201 133 140 
0 0 248 213 197 
45 136 56 215 52 
0 0 36 122 196 
0 0 25 30 3 
325 208 190 100 29 
243 407 136 165 173 
0 0 192 112 38 
137 32 16 196 186 
0 0 31 103 234 
0 0 122 115 180 
0 0 127 57 46 
77 384 85 110 229 
0 0 172 178 10 
29 89 39 181 163 
169 196 69 82 225 
450 485 169 0 106 
335 116 206 165 171 
169 356 63 97 187 
31 129 131 76 90 
394 185 106 128 212 
0 0 221 174 211 
371 117 24 149 169 
120 215 6 31 86 
0 0 184 194 253 
0 0 237 165 194 
0 0 64 143 109 
163 117 192 186 187 
0 0 102 118 123 
118 236 199 208 126 
0 0 147 37 105 
0 0 21 121 71 
105 12 67 35 222 
0 0 216 248 100 
0 0 120 246 29 
0 0 186 186 138 
0 0 223 167 203 
0 0 112 226 140 
99 125 43 94 242 
0 0 34 93 59 
0 0 114 198 206 
464 403 24 14 99 
183 456 145 109 167 
0 0 180 209 0 
0 0 45 111 247 
0 0 37 249 179 
208 25 223 69 147 
26 209 7 209 4 
0 0 233 69 175 
452 93 200 128 81 
186 417 38 79 195 
0 0 236 51 91 
0 0 122 90 236 
61 256 103 90 33 
0 0 185 83 79 
0 0 41 134 116 
419 305 162 26 211 
461 177 232 158 90 
0 0 58 205 68 
486 301 127 31 140 
209 74 0 98 178 
10 338 207 190 31 
0 0 3 171 26 
37 266 220 205 129 
348 346 55 156 186 
291 223 10 144 227 
43 222 16 100 7 
0 0 43 190 111 
131 355 201 130 169 
0 0 151 16 42 
75 18 54 66 42 
224 386 152 98 121 
40 173 214 251 251 
104 300 131 125 216 
151 64 208 184 144 
324 275 109 156 26 
0 0 253 35 43 
0 0 225 146 86 
0 0 32 188 159 
0 0 34 230 182 
0 0 50 144 236 
0 0 244 138 133 
354 374 214 134 93 
0 0 210 96 96 
0 0 207 240 176 
106 111 136 138 157 
0 0 165 181 27 
98 317 200 139 252 
0 0 219 43 156 
0 0 152 225 190 
320 436 254 206 113 
0 0 15 212 102 
0 0 153 177 61 
188 157 33 18 143 
49 187 1 66 95 
384 411 113 223 232 
0 0 251 250 142 
0 0 178 119 214 
85 231 62 20 50 
0 0 233 82 202 
107 403 203 195 73 
270 280 27 169 89 
0 0 111 102 242 
0 0 33 245 147 
366 298 178 213 148 
0 0 244 190 6 
0 0 212 204 3 
157 256 79 163 53 
0 0 198 86 242 
195 381 218 33 220 
0 0 45 234 41 
0 0 113 68 195 
484 338 154 182 51 
0 0 2 75 211 
495 137 119 223 134 
0 0 77 102 250 
0 0 139 105 79 
0 0 215 30 158 
405 258 251 17 101 
350 62 82 110 191 
0 0 115 23 108 
0 0 94 218 221 
0 0 34 141 121 
381 356 217 97 250 
91 179 37 103 241 
0 0 132 98 191 
185 330 234 177 75 
373 283 211 207 36 
0 0 241 53 32 
277 425 131 116 241 
0 0 113 224 228 
0 0 136 191 195 
0 0 226 184 229 
0 0 239 51 191 
0 0 208 37 100 
0 0 56 228 105 
0 0 26 176 84 
0 0 75 84 41 
0 0 27 243 154 
0 0 207 229 30 
0 0 68 202 143 
92 271 37 142 151 
0 0 100 117 249 
0 0 29 180 233 
0 0 207 153 186 
200 221 245 3 114 
0 0 90 214 140 
0 0 11 0 215 
498 379 95 27 242 
0 0 210 184 194 
13 81 184 200 134 
0 0 132 96 172 
0 0 146 91 17 
0 0 135 69 174 
120 82 188 128 126 
0 0 86 242 116 
0 0 216 128 79 
375 42 175 215 90 
0 0 48 75 58 
418 174 75 141 140 
0 0 4 21 70 
246 452 204 193 74 
264 166 173 82 220 
24 301 136 1 228 
0 0 77 128 161 
0 0 205 116 119 
0 0 65 195 80 
0 0 65 158 127 
137 143 25 88 47 
0 0 100 228 122 
0 0 114 170 254 
408 132 135 244 75 
0 0 200 82 120 
256 491 27 55 1 
35 24 29 216 79 
0 0 29 207 29 
172 185 17 159 94 
0 0 213 31 159 
120 349 243 79 57 
103 150 203 73 29 
0 0 48 199 143 
0 0 219 147 150 
387 454 80 12 95 
