359 130 166 123 89 
188 121 214 12 210 
103 326 91 150 171 
16 65 119 72 249 
126 66 174 41 145 
176 40 230 213 111 
233 298 192 102 187 
384 364 134 15 178 
77 37 92 191 36 
313 205 244 158 60 
152 331 178 119 226 
171 247 173 74 57 
280 33 186 246 148 
47 218 208 112 139 
317 258 25 2 59 
56 319 67 241 34 
496 180 152 45 98 
221 45 126 223 233 
0 0 141 4 197 
0 0 204 192 186 
103 270 108 35 109 
66 118 227 93 155 
0 0 174 113 213 
150 150 165 253 166 
192 471 149 57 64 
0 0 152 218 131 
378 311 10 62 155 
313 87 55 167 27 
56 409 24 109 40 
109 473 155 40 245 
284 406 92 22 98 
359 425 128 49 197 
0 0 93 7 116 
301 332 206 173 153 
0 0 204 237 48 
0 0 133 240 72 
0 0 224 141 209 
439 371 31 168 9 
218 367 70 208 160 
466 244 179 70 61 
0 0 91 168 153 
17 200 240 238 153 
386 255 34 226 246 
486 335 41 125 198 
245 234 87 45 19 
300 475 69 244 25 
354 38 182 198 249 
30 476 68 207 152 
492 123 108 113 94 
114 197 188 46 18 
0 0 4 199 236 
0 0 44 225 222 
140 402 27 216 128 
11 345 254 31 170 
102 158 251 178 129 
469 44 41 75 70 
441 102 157 69 252 
467 49 100 93 192 
0 0 179 187 45 
453 485 164 77 106 
408 469 210 185 110 
428 165 27 152 154 
0 0 252 153 54 
464 26 213 195 53 
235 439 117 69 176 
0 0 40 139 217 
209 184 115 9 119 
485 458 56 201 91 
271 135 21 119 15 
409 56 80 225 52 
