53 468 253 249 0 
475 303 183 244 45 
394 456 73 146 227 
219 38 250 136 155 
485 109 64 116 167 
439 175 77 4 93 
484 455 195 84 60 
159 347 186 44 5 
65 380 195 102 224 
255 408 53 105 168 
313 208 51 232 166 
186 87 45 22 222 
253 227 161 122 167 
440 52 179 22 162 
296 473 187 62 98 
152 210 48 27 175 
346 49 53 214 243 
23 200 137 91 174 
85 43 53 60 241 
434 367 155 229 39 
127 101 132 12 217 
68 269 237 106 135 
70 152 4 18 41 
164 459 253 53 221 
384 259 148 151 25 
221 291 82 199 74 
16 65 109 187 254 
359 130 195 233 136 
285 44 31 91 62 
391 386 218 2 89 
255 149 64 220 222 
39 340 77 100 204 
314 314 55 13 80 
