88 274 211 104 193 
275 189 235 204 141 
28 258 20 45 107 
244 275 127 239 218 
226 250 43 49 35 
138 125 25 232 71 
119 39 164 205 48 
190 282 10 33 197 
257 160 250 26 146 
163 151 86 250 208 
33 37 190 60 36 
65 187 166 202 144 
273 121 115 181 36 
121 274 161 17 163 
262 35 17 52 206 
214 18 193 250 103 
94 41 42 44 13 
278 256 248 113 150 
171 45 26 4 17 
190 45 179 84 103 
273 153 174 247 165 
70 44 235 136 77 
115 67 54 45 64 
175 107 107 208 97 
83 82 124 160 114 
206 108 48 135 53 
211 140 44 148 95 
0 0 88 170 215 
157 226 73 188 113 
185 249 77 36 37 
121 28 161 74 84 
32 183 153 151 64 
248 220 162 87 245 
286 59 207 185 97 
273 170 32 44 222 
208 190 192 224 15 
273 116 73 192 59 
132 40 93 152 19 
0 0 136 138 92 
42 251 69 175 169 
259 118 232 4 202 
249 65 51 195 228 
135 98 74 57 7 
85 138 162 155 86 
118 201 219 249 118 
31 115 135 9 56 
0 0 105 196 1 
267 32 42 215 221 
235 72 66 180 102 
256 66 204 221 43 
